28.960
33.370
40.670
38.640
46.310
49.260
55.310
58.870
47.780
53.320
59.170
57.330
69.520
67.800
67.840
71.300
69.530
69.020
67.660
73.480
75.150
76.140
76.230
78.190
72.800
74.670
73.840
74.020
80.010
78.000
77.900
75.510
77.890
80.900
81.720
80.100
78.850
82.770
81.490
82.690
73.320
82.260
81.860
78.410
81.150
84.370
85.620
84.110
82.530
83.490
82.950
84.860
85.760
83.030
83.910
83.760
86.180
82.820
86.410
87.830
84.520
87.360
83.450
85.100
86.730
84.400
85.290
87.100
87.290
87.640
87.890
84.960
84.800
87.280
86.240
86.670
88.010
86.590
87.840
86.310
87.460
89.450
88.300
88.030
87.180
87.620
87.830
82.330
88.260
87.980
89.520
89.580
88.080
89.090
89.710
86.520
88.000
89.560
88.870
89.540
91.620
91.560
91.850
91.630
91.660
91.960
91.610
91.750
92.120
91.640
92.200
91.900
91.780
91.600
91.290
92.060
91.770
91.680
91.630
91.780
91.850
91.880
91.560
91.740
91.490
92.040
91.760
91.860
92.010
91.550
91.960
91.480
91.850
92.180
91.950
92.110
89.750
91.580
91.480
91.760
91.920
92.320
91.520
91.890
92.000
92.300
91.940
92.330
92.010
92.190
91.920
91.640
91.760
92.060
91.700
91.850
91.900
91.920
92.060
92.020
92.290
92.110
91.430
91.730
92.020
91.940
92.090
92.050
91.680
92.020
91.620
91.820
92.190
92.220
91.950
91.940
92.060
91.940
91.800
91.720
91.600
91.730
92.090
91.940
91.650
91.990
91.900
92.130
92.320
91.480
92.170
91.200
92.270
91.980
92.090
92.130
92.480
92.030
91.980
92.090
92.750
93.020
93.000
92.980
92.900
92.970
92.880
93.050
93.090
92.870
92.880
93.100
93.210
93.160
92.910
92.970
92.840
93.070
93.080
92.880
93.010
93.000
93.050
92.950
92.710
92.910
92.950
92.900
92.770
92.890
93.120
93.000
92.950
93.080
92.990
92.910
92.890
92.780
92.950
92.750
93.100
92.750
92.970
92.900
92.830
92.760
92.870
92.890
92.930
92.830
92.420
92.720
92.630
92.810
92.750
92.740
92.720
93.160
92.940
92.980
92.910
92.670
92.820
92.520
92.640
92.820
93.230
92.890
92.920
92.930
93.030
93.070
93.040
93.000
92.340
92.960
93.100
92.790
93.160
92.840
92.990
93.050
92.800
92.960
93.060
93.170
92.850
92.930
92.980
92.750
92.860
92.770
92.690
92.900
92.860
92.870
92.770
92.680
92.870
92.920
93.150
93.320
93.050
93.130
93.210
93.330
93.140
93.180
93.120
93.110
93.130
93.250
93.300
93.330
93.340
93.210
93.340
93.220
93.350
93.190
93.290
93.160
93.260
93.240
93.310
93.350
93.180
93.400
93.490
93.280
93.230
93.120
93.160
93.210
93.330
93.410
93.360
93.430
93.160
93.170
93.230
93.400
93.380
93.230
93.220
93.160
93.240
93.210
93.250
93.190
93.250
93.160
93.240
93.200
93.180
93.300
93.230
93.200
93.300
93.380
93.390
93.230
93.280
93.250
93.380
93.460
93.340
93.200
93.440
93.240
93.320
93.200
93.310
93.230
93.170
93.190
93.320
93.480
93.390
93.400
93.210
93.380
93.400
93.470
93.360
93.370
93.290
93.480
93.370
93.160
93.370
93.290
93.270
93.340
93.210
93.180
93.110
93.080
93.110
93.110
