27.040
39.130
41.760
48.950
54.640
58.410
49.770
64.160
62.170
58.740
69.320
69.590
63.280
71.190
69.670
70.650
70.280
71.000
74.910
69.270
74.460
73.070
78.370
80.340
75.430
75.250
79.170
81.270
81.040
81.140
80.420
81.580
75.690
81.160
80.790
82.740
83.690
83.720
82.280
80.680
82.850
82.680
84.700
81.740
80.630
81.300
84.490
84.160
84.780
84.790
83.870
86.380
83.780
84.410
86.150
85.390
86.060
86.670
86.070
87.270
85.440
86.620
87.450
87.050
87.560
88.880
87.030
88.280
86.760
86.660
84.860
87.290
87.330
89.080
87.420
87.640
88.890
87.060
85.860
88.110
88.170
89.170
88.310
89.040
89.040
88.540
88.630
89.430
88.510
88.620
90.110
88.850
88.100
89.770
89.130
89.820
89.150
89.750
89.470
88.740
91.730
92.330
92.110
92.200
91.980
92.290
92.360
92.470
92.130
92.290
92.250
92.310
92.430
92.230
92.310
92.340
92.380
92.300
92.330
92.470
92.210
92.350
92.230
92.090
92.220
92.360
92.060
92.300
91.980
91.810
92.420
92.480
92.050
92.240
92.270
92.090
92.400
92.160
92.370
92.370
92.300
91.960
92.090
92.100
92.430
91.970
92.080
92.270
91.580
91.840
92.230
92.070
91.730
92.060
92.370
92.600
92.080
92.270
92.210
92.220
92.340
92.490
92.150
92.470
92.500
91.880
91.830
92.030
92.070
92.490
92.620
92.120
92.380
91.750
91.940
92.130
91.940
92.380
92.060
92.000
92.620
92.330
92.740
92.380
91.920
92.160
92.530
92.010
92.540
92.600
92.320
92.300
92.400
92.090
91.700
92.550
92.020
91.710
92.270
92.180
92.930
93.080
93.160
93.210
93.160
93.270
93.060
92.910
93.000
93.170
93.030
92.970
92.990
92.980
92.800
93.180
92.900
93.230
93.020
93.040
92.990
92.980
92.920
93.120
92.980
92.860
93.110
92.950
92.980
93.210
93.050
93.060
92.980
92.770
92.770
92.970
93.050
92.860
93.000
92.860
93.020
93.020
93.080
93.040
92.980
93.040
93.050
93.270
93.330
93.080
93.270
93.040
93.240
93.010
93.040
93.180
93.370
93.140
93.150
93.190
93.270
93.340
93.010
93.080
93.350
93.240
93.390
93.230
93.300
93.190
93.120
93.160
93.080
93.160
93.070
92.960
93.210
93.170
93.250
93.040
93.240
92.950
92.870
93.070
93.010
92.950
93.230
93.090
93.210
93.210
93.340
93.200
93.070
92.950
92.990
92.840
93.040
93.100
92.940
93.110
93.140
93.350
93.350
93.460
93.430
93.330
93.160
93.290
93.370
93.380
93.290
93.420
93.520
93.490
93.360
93.410
93.500
93.450
93.420
93.390
93.430
93.500
93.490
93.580
93.290
93.640
93.600
93.530
93.520
93.530
93.300
93.330
93.450
93.400
93.460
93.390
93.350
93.380
93.310
93.470
93.540
93.390
93.560
93.620
93.570
93.490
93.510
93.430
93.540
93.550
93.500
93.410
93.580
93.430
93.590
93.390
93.430
93.580
93.540
93.440
93.430
93.400
93.490
93.340
93.590
93.540
93.670
93.580
93.610
93.560
93.510
93.340
93.450
93.470
93.410
93.410
93.450
93.440
93.440
93.400
93.430
93.240
93.460
93.510
93.330
93.290
93.490
93.510
93.550
93.450
93.390
93.440
93.390
93.330
93.260
93.390
93.400
93.210
93.220
93.280
