30.780
37.590
40.000
29.260
48.770
55.400
49.510
52.300
60.970
60.790
64.670
68.220
66.290
65.460
66.250
65.410
70.660
74.970
73.940
75.040
76.160
74.710
73.890
76.260
77.680
78.850
73.260
78.820
78.690
81.160
79.530
81.540
80.330
81.910
79.370
81.460
81.870
81.420
81.030
81.130
83.830
82.730
85.500
84.640
85.450
86.170
84.090
86.200
85.780
84.870
85.770
84.310
83.960
87.070
85.200
87.820
85.450
87.240
87.180
87.490
86.960
87.820
84.680
87.740
87.580
88.270
85.280
87.270
87.020
87.600
86.850
87.560
88.520
88.540
87.550
88.710
88.660
89.030
87.250
87.800
88.830
88.290
89.520
88.120
89.010
89.560
87.770
88.460
88.820
88.740
89.040
89.350
90.200
89.850
89.010
89.460
88.020
88.920
89.680
90.110
91.760
91.920
91.580
92.380
92.310
92.400
92.340
92.000
92.370
92.010
92.300
92.150
92.310
91.820
92.050
92.100
92.000
92.400
92.160
92.230
92.720
92.290
92.340
92.460
92.380
92.500
92.070
92.440
92.160
92.510
92.370
92.260
92.490
91.940
92.660
92.540
92.390
92.700
92.630
92.540
92.480
92.180
92.310
92.310
91.950
92.190
92.040
92.380
92.380
92.370
92.330
92.340
92.010
91.550
92.090
92.770
92.010
92.290
92.230
92.780
92.450
91.900
92.820
92.570
92.130
92.110
92.270
92.280
92.220
91.820
92.190
92.730
92.490
92.730
92.370
92.840
92.430
92.640
92.620
92.690
92.640
92.620
92.460
92.340
92.310
92.400
92.570
92.390
92.730
92.700
92.030
92.410
92.490
92.430
92.090
92.700
92.670
92.370
92.540
92.870
93.350
93.310
93.420
93.380
93.430
93.380
93.290
93.090
93.060
93.380
93.220
93.340
93.100
93.090
93.390
93.160
93.250
93.130
93.210
93.200
93.330
93.020
93.230
93.180
93.000
93.130
93.040
93.440
93.200
93.280
93.370
93.160
93.370
93.330
93.150
93.210
93.020
93.090
93.190
93.450
93.110
93.390
93.220
93.480
93.400
93.370
93.480
93.260
93.550
93.580
93.340
93.250
93.400
93.330
93.490
93.360
93.410
93.400
93.520
93.470
93.600
93.470
93.430
93.440
93.420
93.210
93.300
93.300
93.320
93.400
93.200
93.310
93.290
93.440
93.240
93.240
93.200
93.460
93.020
93.010
93.270
93.360
93.130
92.920
92.990
93.120
93.000
93.290
93.370
93.200
93.290
93.330
93.250
93.360
93.350
93.370
93.230
93.400
93.330
93.430
93.340
93.290
93.330
93.460
93.360
93.490
93.600
93.570
93.440
93.490
93.590
93.550
93.490
93.380
93.610
93.490
93.430
93.410
93.550
93.420
93.410
93.430
93.570
93.590
93.630
93.730
93.520
93.530
93.790
93.650
93.690
93.560
93.410
93.660
93.700
93.780
93.730
93.620
93.710
93.590
93.580
93.580
93.490
93.600
93.610
93.640
93.580
93.510
93.700
93.620
93.660
93.640
93.490
93.470
93.470
93.470
93.600
93.600
93.600
93.610
93.700
93.760
93.640
93.540
93.590
93.610
93.550
93.620
93.590
93.520
93.570
93.680
93.640
93.420
93.530
93.460
93.680
93.540
93.640
93.630
93.550
93.490
93.610
93.580
93.600
93.590
93.510
93.550
93.460
93.510
93.480
93.520
93.550
93.480
93.460
93.550
93.580
93.490
93.430
93.520
